0 3 518
0 13 168
1 11 1055
1 13 270
2 18 266
3 0 518
3 4 503
3 5 444
3 12 784
3 18 572
4 3 503
5 3 444
5 13 366
5 14 362
5 6 469
6 5 469
6 9 454
6 15 301
6 18 762
9 6 454
15 6 301
18 6 762
7 8 1213
7 15 562
8 7 1213
8 9 266
9 8 266
9 14 354
10 16 423
11 1 1055
12 3 748
13 0 168
13 1 270
13 5 366
14 5 362
14 9 354
15 7 562
15 16 647
16 10 423
16 15 647
16 17 452
16 18 328
17 16 452
18 2 266
18 3 572
18 16 328
#END